Time =0.0:0.0050:4.995;
Link1_Q1_to_rad= [
0.0
0.0
0.00251328
0.01382304
0.03644256
0.07162848000000001
0.11812416
0.17341632
0.23876160000000002
0.30913344000000004
0.38704512
0.46872672000000004
0.5529216
0.6408864000000001
0.73262112
0.82686912
0.92614368
1.0291881600000001
1.13600256
1.2453302400000001
1.35842784
1.47152544
1.58462304
1.696464
1.80579168
1.9113494400000002
2.01188064
2.10738528
2.19912
2.2833148800000003
2.3624832000000002
2.43662496
2.50448352
2.56731552
2.6251209600000003
2.6778998400000003
2.7269088
2.7708912000000003
2.8123603200000002
2.8500595200000003
2.8852454400000003
2.91666144
2.94556416
2.9732102400000002
2.9970864
3.0197059200000003
3.0410688
3.0599184
3.0775113600000004
3.09384768
3.10892736
3.1214937600000003
3.13406016
3.1453699200000003
3.15542304
3.16421952
3.1717593600000002
3.17804256
3.1830691200000003
3.18809568
3.1918656000000003
3.1943788800000004
3.19689216
3.1981488000000002
3.19940544
3.19940544
3.19940544
3.19940544
3.19940544
3.19689216
3.19563552
3.19312224
3.19060896
3.18809568
3.1855824
3.1830691200000003
3.1805558400000002
3.17804256
3.17552928
3.173016
3.1717593600000002
3.16924608
3.16798944
3.1667328
3.1654761600000003
3.16421952
3.16421952
3.1629628800000003
3.16170624
3.16170624
3.1654761600000003
3.173016
3.1855824
3.2069452800000002
3.23207808
3.2622374400000003
3.2923968
3.32255616
3.35020224
3.3740784
3.39544128
3.4142908800000003
3.4281139200000004
3.4406803200000002
3.4494768000000002
3.45576
3.45952992
3.45952992
3.4582732800000002
3.45576
3.45073344
3.4431936000000003
3.43565376
3.4256006400000003
3.41554752
3.40298112
3.39167136
3.3791049600000003
3.36528192
3.3527155200000003
3.33889248
3.3263260800000003
3.3175296000000003
3.3112464000000004
3.3112464000000004
3.31878624
3.330096
3.34768896
3.3677952
3.3879014400000003
3.40675104
3.424344
3.4406803200000002
3.45324672
3.4632998400000004
3.47083968
3.47586624
3.4783795200000003
3.47963616
3.47712288
3.47335296
3.4670697600000002
3.45952992
3.45073344
3.4406803200000002
3.42937056
3.4180608
3.4054944000000003
3.39167136
3.3791049600000003
3.36528192
3.35145888
3.33889248
3.32506944
3.31250304
3.2999366400000003
3.2886268800000003
3.27857376
3.26977728
3.2609808
3.2546976
3.2484144
3.24338784
3.23961792
3.2358480000000003
3.23207808
3.2270515200000003
3.22202496
3.2169984
3.2094585600000003
3.20191872
3.1943788800000004
3.1855824
3.17804256
3.16924608
3.16170624
3.1541664000000003
3.1478832000000003
3.14285664
3.13783008
3.13280352
3.1290336
3.12400704
3.12023712
3.1164672
3.11395392
3.1101840000000003
3.10767072
3.10515744
3.1039008000000003
3.10264416
3.1013875200000003
3.10013088
3.10013088
3.0988742400000002
3.0976176
3.09636096
3.0951043200000004
3.09384768
3.0913344
3.08882112
3.08756448
3.0850512
3.0837945600000003
3.0812812800000002
3.08002464
3.0775113600000004
3.07625472
3.0749980800000003
3.0724848000000002
3.07122816
3.06997152
3.06871488
3.06745824
3.0662016000000003
3.06494496
3.06494496
3.0636883200000002
3.0636883200000002
3.06243168
3.06243168
3.06243168
3.06243168
3.06243168
3.06243168
3.06243168
3.0636883200000002
3.0636883200000002
3.0636883200000002
3.0636883200000002
3.0636883200000002
3.0636883200000002
3.06494496
3.0662016000000003
3.06745824
3.06871488
3.06997152
3.07122816
3.0724848000000002
3.0724848000000002
3.07374144
3.07374144
3.07374144
3.07374144
3.07374144
3.07374144
3.07374144
3.07374144
3.0749980800000003
3.0749980800000003
3.07625472
3.07625472
3.0775113600000004
3.078768
3.08002464
3.0812812800000002
3.08253792
3.0837945600000003
3.0863078400000004
3.08756448
3.0900777600000002
3.0913344
3.09384768
3.0976176
3.0988742400000002
3.1013875200000003
3.1039008000000003
3.10515744
3.10641408
3.10767072
3.10767072
3.10892736
3.1101840000000003
3.11144064
3.1126972800000003
3.11395392
3.11521056
3.11521056
3.1164672
3.11772384
3.1189804800000003
3.1189804800000003
3.12023712
3.12023712
3.12023712
3.1214937600000003
3.1214937600000003
3.1227504
3.12526368
3.12652032
3.1277769600000003
3.1302902400000003
3.13154688
3.13406016
3.1353168
3.1365734400000003
3.13783008
3.1390867200000003
3.1390867200000003
3.14034336
3.14034336
3.14034336
3.1416
3.1416
3.1416
3.1416
3.1416
3.14285664
3.14411328
3.14411328
3.1453699200000003
3.14662656
3.14662656
3.14662656
3.1478832000000003
3.1478832000000003
3.1478832000000003
3.1478832000000003
3.1478832000000003
3.1478832000000003
3.1478832000000003
3.1478832000000003
3.1478832000000003
3.1478832000000003
3.1478832000000003
3.1478832000000003
3.1478832000000003
3.1478832000000003
3.1478832000000003
3.14913984
3.15039648
3.15165312
3.15290976
3.1541664000000003
3.15542304
3.1566796800000003
3.15793632
3.15793632
3.15793632
3.15793632
3.1566796800000003
3.1541664000000003
3.15290976
3.15165312
3.15039648
3.15039648
3.15039648
3.15039648
3.15165312
3.15290976
3.15290976
3.1541664000000003
3.1541664000000003
3.1541664000000003
3.1541664000000003
3.15290976
3.15290976
3.15165312
3.15165312
3.15039648
3.14913984
3.14913984
3.14913984
3.14913984
3.14913984
3.14913984
3.15039648
3.15039648
3.15039648
3.15039648
3.15039648
3.14913984
3.14913984
3.1478832000000003
3.14662656
3.14662656
3.1453699200000003
3.14411328
3.14411328
3.14285664
3.14285664
3.14285664
3.14285664
3.14285664
3.1416
3.1416
3.1416
3.14034336
3.14034336
3.14034336
3.1390867200000003
3.1390867200000003
3.13783008
3.1365734400000003
3.1365734400000003
3.1353168
3.1353168
3.1353168
3.1353168
3.1353168
3.13406016
3.13406016
3.13406016
3.13280352
3.13280352
3.13280352
3.13154688
3.13154688
3.13154688
3.13154688
3.1302902400000003
3.1302902400000003
3.1290336
3.1277769600000003
3.1277769600000003
3.12652032
3.12652032
3.12652032
3.12652032
3.12652032
3.12652032
3.12526368
3.12526368
3.12526368
3.12400704
3.12400704
3.1227504
3.1214937600000003
3.12023712
3.12023712
3.1189804800000003
3.1189804800000003
3.1189804800000003
3.1189804800000003
3.1189804800000003
3.1189804800000003
3.1189804800000003
3.1189804800000003
3.1189804800000003
3.1189804800000003
3.11772384
3.11772384
3.1164672
3.11521056
3.11521056
3.11395392
3.11395392
3.1126972800000003
3.1126972800000003
3.1126972800000003
3.1126972800000003
3.1126972800000003
3.11395392
3.11395392
3.11521056
3.11521056
3.11521056
3.11521056
3.11395392
3.1126972800000003
3.1126972800000003
3.11144064
3.1101840000000003
3.1101840000000003
3.1101840000000003
3.1101840000000003
3.1101840000000003
3.1101840000000003
3.1101840000000003
3.11144064
3.11144064
3.11144064
3.11144064
3.11144064
3.11144064
3.11144064
3.11144064
3.1126972800000003
3.11144064
3.1126972800000003
3.1126972800000003
3.1126972800000003
3.1126972800000003
3.11395392
3.11395392
3.11521056
3.11521056
3.11521056
3.11521056
3.11521056
3.11395392
3.11395392
3.11521056
3.11521056
3.1164672
3.1164672
3.11772384
3.12023712
3.12023712
3.12023712
3.1214937600000003
3.1214937600000003
3.1214937600000003
3.1214937600000003
3.1214937600000003
3.1227504
3.1227504
3.1227504
3.12400704
3.12400704
3.12400704
3.12400704
3.12400704
3.12526368
3.12526368
3.12526368
3.12652032
3.12652032
3.1277769600000003
3.1290336
3.1302902400000003
3.1302902400000003
3.1302902400000003
3.1290336
3.1290336
3.1277769600000003
3.1277769600000003
3.1277769600000003
3.1290336
3.1290336
3.1302902400000003
3.13154688
3.13280352
3.13406016
3.1353168
3.1353168
3.1365734400000003
3.1365734400000003
3.1365734400000003
3.13783008
3.1365734400000003
3.1365734400000003
3.1365734400000003
3.1365734400000003
