Time =0.0:0.0020:1.998;
Link1_Q1_to_rad= [
0.0
0.0
0.0
0.0
0.0037699200000000004
0.007539840000000001
0.015079680000000002
0.02136288
0.031416
0.04272576
0.0565488
0.07162848000000001
0.08922144
0.10807104000000001
0.12817728
0.14954016
0.17215968
0.19603584000000002
0.219912
0.24378816
0.26892096
0.29405376
0.31792992000000003
0.34180608
0.36693888
0.39081504
0.41469120000000004
0.43731072000000004
0.45993024000000005
0.48254976000000005
0.50516928
0.52653216
0.5466384000000001
0.56800128
0.58810752
0.60695712
0.62580672
0.6446563200000001
0.6635059200000001
0.67984224
0.6974352
0.71377152
0.7301078400000001
0.74644416
0.7615238400000001
0.7753468800000001
0.79042656
0.8042496
0.816816
0.8293824000000001
0.8419488
0.8545152
0.8658249600000001
0.87587808
0.8871878400000001
0.8972409600000001
0.90729408
0.91609056
0.92488704
0.93368352
0.9424800000000001
0.9500198400000001
0.95755968
0.9650995200000001
0.97138272
0.9776659200000001
0.98394912
0.99023232
0.9952588800000001
1.0015420800000001
1.00656864
1.0115952000000001
1.01662176
1.0203916800000001
1.02541824
1.0291881600000001
1.03295808
1.036728
1.04049792
1.04426784
1.0480377600000002
1.05055104
1.05432096
1.0568342400000001
1.05934752
1.06311744
1.0656307200000001
1.068144
1.07065728
1.07191392
1.0744272000000001
1.07694048
1.07945376
1.0807104
1.0832236800000001
1.08448032
1.08573696
1.08825024
1.08950688
1.09076352
1.0920201600000001
1.09453344
1.09579008
1.09704672
1.09830336
1.09956
1.1008166400000001
1.10332992
1.10458656
1.1058432
1.10709984
1.10835648
1.1096131200000001
1.1108697600000002
1.1121264
1.11338304
1.11463968
1.11589632
1.11715296
1.1184096000000001
1.1196662400000001
1.12092288
1.12092288
1.12217952
1.12343616
1.1246928
1.1246928
1.12594944
1.12720608
1.1284627200000001
1.1284627200000001
1.12971936
1.130976
1.13223264
1.13223264
1.13348928
1.13474592
1.13474592
1.13600256
1.1372592000000001
1.13851584
1.13851584
1.13977248
1.13977248
1.14102912
1.14228576
1.14228576
1.1435424
1.1435424
1.1435424
1.14479904
1.14479904
1.14479904
1.14479904
1.1460556800000001
1.1460556800000001
1.1460556800000001
1.1460556800000001
1.1460556800000001
1.1460556800000001
1.1460556800000001
1.1460556800000001
1.1460556800000001
1.1460556800000001
1.1460556800000001
1.1460556800000001
1.1460556800000001
1.1460556800000001
1.1460556800000001
1.1460556800000001
1.1460556800000001
1.1460556800000001
1.1460556800000001
1.14479904
1.14479904
1.1435424
1.1435424
1.14228576
1.14102912
1.13977248
1.13851584
1.13851584
1.1372592000000001
1.13474592
1.13348928
1.13223264
1.130976
1.12971936
1.12720608
1.12594944
1.1246928
1.12217952
1.1196662400000001
1.1184096000000001
1.11589632
1.11463968
1.1121264
1.1096131200000001
1.10709984
1.10458656
1.1020732800000002
1.09956
1.09704672
1.09453344
1.0920201600000001
1.08950688
1.08573696
1.0832236800000001
1.0807104
1.07694048
1.0744272000000001
1.07065728
1.06688736
1.0643740800000001
1.06060416
1.0568342400000001
1.05306432
1.0492944
1.04552448
1.04175456
1.036728
1.03295808
1.0291881600000001
1.0241616
1.0203916800000001
1.01536512
1.01033856
1.005312
1.0015420800000001
0.9965155200000001
0.9914889600000001
0.9864624000000001
0.9814358400000001
0.97640928
0.97012608
0.9650995200000001
0.9600729600000001
0.95378976
0.9487632
0.9424800000000001
0.9374534400000001
0.93117024
0.92488704
0.9198604800000001
0.91357728
0.90729408
0.9010108800000001
0.89472768
0.8884444800000001
0.88216128
0.87587808
0.8695948800000001
0.86205504
0.8557718400000001
0.84948864
0.8419488
0.8356656
0.82812576
0.8205859200000001
0.81430272
0.8067628800000001
0.79922304
0.7916832
0.7841433600000001
0.77660352
0.76906368
0.7615238400000001
0.753984
0.74644416
0.7389043200000001
0.73136448
0.722568
0.71502816
0.7074883200000001
0.6986918400000001
0.691152
0.68235552
0.67481568
0.6660192
0.65722272
0.64842624
0.6408864000000001
0.6320899200000001
0.62329344
0.61449696
0.60570048
0.596904
0.58810752
0.5780544000000001
0.56925792
0.56046144
0.55166496
0.5416118400000001
0.5328153600000001
0.5240188800000001
0.51396576
0.50516928
0.49511616
0.48631968000000003
0.47626656
0.46621344000000003
0.45741696000000004
0.44736384
0.43731072000000004
0.42851424000000005
0.41846112
0.408408
0.39961152
0.3895584
0.37950528
0.36945216000000003
0.35939904
0.34934592000000003
0.34054944000000004
0.33049632
0.32044320000000004
0.31039008
0.30033696
0.29028384
0.28023072
0.2701776
0.26012448
0.25007136
0.24001824000000002
0.22996512000000002
0.219912
0.20860224000000002
0.19854912
0.188496
0.17844288
0.16838976
0.15833664
0.14828352
0.1382304
0.12817728
0.11686752
0.1068144
0.09676128
0.08670816
0.07665504000000001
0.06660192000000001
0.0565488
0.046495680000000005
0.03518592
0.0251328
0.015079680000000002
0.00502656
-0.00502656
-0.015079680000000002
-0.0251328
-0.03518592
-0.04523904
-0.05529216
-0.06660192000000001
-0.07665504000000001
-0.08670816
-0.09676128
-0.1068144
-0.11686752
-0.12692064
-0.13697376
-0.14702688
-0.15708
-0.16713312
-0.17718624
-0.18723936000000002
-0.19729248000000002
-0.20734560000000002
-0.21739872000000002
-0.22745184000000002
-0.23624832
-0.24630144
-0.25635456
-0.26640768000000004
-0.2764608
-0.28651392000000003
-0.29531040000000003
-0.30536352
-0.31541664
-0.32546976
-0.33426624
-0.34431936
-0.35437248
-0.36316896000000004
-0.37322208
-0.38327520000000004
-0.39207168000000003
-0.4021248
-0.41092128
-0.4209744
-0.42977088
-0.439824
-0.44862048000000004
-0.4586736
-0.46747008
-0.47752320000000004
-0.48631968000000003
-0.49511616
-0.50516928
-0.51396576
-0.52276224
-0.53155872
-0.5403552
-0.54915168
-0.5592048000000001
-0.56800128
-0.57679776
-0.58559424
-0.59439072
-0.60193056
-0.61072704
-0.61952352
-0.62832
-0.63711648
-0.64591296
-0.6534528000000001
-0.66224928
-0.67104576
-0.67984224
-0.68738208
-0.69617856
-0.70497504
-0.7125148800000001
-0.7213113600000001
-0.7288512
-0.73764768
-0.74518752
-0.7527273600000001
-0.7615238400000001
-0.76906368
-0.77660352
-0.7854
-0.7929398400000001
-0.80047968
-0.80801952
-0.8155593600000001
-0.8230992
-0.83063904
-0.8381788800000001
-0.84446208
-0.8520019200000001
-0.85954176
-0.8658249600000001
-0.8733648
-0.879648
-0.8871878400000001
-0.89347104
-0.9010108800000001
-0.90729408
-0.91357728
-0.9198604800000001
-0.92614368
-0.9324268800000001
-0.93871008
-0.94499328
-0.9512764800000001
-0.95755968
-0.96258624
-0.9688694400000001
-0.97515264
-0.9801792
-0.98520576
-0.9914889600000001
-0.9965155200000001
-1.0015420800000001
-1.00656864
-1.0115952000000001
-1.01662176
-1.02164832
-1.02667488
-1.03170144
-1.03547136
-1.04049792
-1.04426784
-1.0492944
-1.05306432
-1.0568342400000001
-1.0618608
-1.0656307200000001
-1.06940064
-1.07317056
-1.07694048
-1.07945376
-1.0832236800000001
-1.0869936
-1.08950688
-1.0932768000000002
-1.09579008
-1.09956
-1.1020732800000002
-1.10458656
-1.10709984
-1.1096131200000001
-1.1121264
-1.11463968
-1.11715296
-1.1184096000000001
-1.12092288
-1.12217952
-1.1246928
-1.12594944
-1.12720608
-1.12971936
-1.130976
-1.13223264
-1.13348928
-1.13474592
-1.13474592
-1.13600256
-1.1372592000000001
-1.1372592000000001
-1.13851584
-1.13851584
-1.13851584
-1.13977248
-1.13977248
-1.13977248
-1.13977248
-1.13977248
-1.13977248
-1.13977248
-1.13851584
-1.13851584
-1.13851584
-1.1372592000000001
-1.1372592000000001
-1.1372592000000001
-1.13600256
-1.13474592
-1.13474592
-1.13348928
-1.13223264
-1.130976
-1.12971936
-1.1284627200000001
-1.12720608
-1.12594944
-1.1246928
-1.12343616
-1.12217952
