function [Time, q1, dq1, q2, dq2, signal_Gain]= expData_2 ()
Time =0.0:0.0050:4.995;
dq1= [
-104.71999999999998
-104.71999999999998
-104.71999999999998
0.0
0.16755200000000414
0.41887999999999553
0.7539840000000039
1.0053119999999953
1.2566400000000015
1.4241919999999908
1.591743999999995
1.759295999999999
2.0106240000000053
2.1781760000000094
2.345727999999999
2.513280000000003
2.59705599999999
2.7646080000000093
2.8483839999999963
3.0159360000000004
3.0159360000000004
3.0159360000000004
3.0997120000000025
3.18348799999999
3.2672640000000066
3.2672640000000066
3.2672640000000066
3.267263999999992
3.267263999999992
3.1834880000000045
3.1834880000000045
3.1834880000000045
3.18348799999999
3.18348799999999
3.0997120000000025
3.0997120000000025
3.0159360000000155
3.0159360000000004
2.9321599999999983
2.8483839999999963
2.764607999999994
2.7646080000000093
2.680831999999992
2.597056000000005
2.429503999999986
2.4295040000000157
2.261951999999997
2.2619520000000115
2.0943999999999927
2.0106240000000053
1.926847999999996
1.759295999999999
1.759295999999999
1.5917440000000023
1.5079680000000002
1.340415999999996
1.2566400000000015
1.1728639999999995
1.0053120000000026
0.8377599999999985
0.7539839999999964
0.6702080000000018
0.5864319999999997
0.502656000000005
0.3351040000000009
0.25132799999999883
0.08377599999999467
0.08377599999999467
0.0
-0.16755199999999673
-0.3351040000000009
-0.5026559999999977
-0.5864319999999997
-0.6702079999999944
-0.7539840000000039
-0.8377599999999985
-0.9215360000000006
-1.0890879999999974
-1.1728640000000068
-1.2566400000000015
-1.2566400000000015
-1.256639999999994
-1.3404160000000036
-1.4241919999999981
-1.5079680000000002
-1.4241919999999981
-1.4241919999999981
-1.424192000000013
-1.5079679999999929
-1.4241919999999908
-1.4241919999999908
-1.3404160000000036
-1.3404160000000036
-1.2566400000000015
-1.1728639999999995
-1.089088000000012
-1.0053119999999953
-0.921536000000008
-0.9215359999999931
-0.7539840000000039
-0.6702079999999869
-0.5026559999999977
-0.5026559999999977
-0.3351040000000083
-0.2513280000000062
-0.08377600000000207
-0.08377600000000207
0.08377600000000207
0.16755200000000414
0.2513280000000062
0.3351040000000083
0.41887999999999553
0.5026559999999977
0.5026559999999828
0.5864319999999997
0.6702080000000018
0.7539840000000039
0.7539840000000039
0.8377599999999911
0.8377600000000059
0.9215359999999931
0.921536000000008
0.9215359999999931
0.921536000000008
0.921536000000008
1.0053119999999953
0.921536000000008
0.9215359999999784
0.8377600000000207
0.9215359999999784
0.7539840000000112
0.753983999999989
0.6702080000000091
0.6702080000000018
0.5864319999999997
0.502656000000005
0.41887999999999553
0.41888000000000297
0.25132799999999883
0.25132799999999883
0.08377599999999467
0.08377599999999467
-0.08377599999999467
-0.16755199999999673
-0.25132799999999883
-0.3351040000000009
-0.41888000000000297
-0.5026559999999977
-0.5026559999999977
-0.5864319999999997
-0.6702079999999944
-0.7539840000000039
-0.7539840000000039
-0.8377600000000059
-0.9215359999999931
-1.0053119999999953
-1.0890879999999974
-1.089088000000012
-1.1728639999999995
-1.1728639999999995
-1.2566399999999867
-1.3404160000000036
-1.3404160000000036
-1.4241920000000057
-1.4241919999999908
-1.5079680000000077
-1.5079680000000077
-1.5917440000000098
-1.591743999999995
-1.675519999999997
-1.591743999999995
-1.675519999999997
-1.675519999999997
-1.675519999999997
-1.675519999999997
-1.675519999999997
-1.759295999999999
-1.759295999999999
-1.6755200000000119
-1.6755200000000119
-1.6755200000000119
-1.759295999999999
-1.675519999999997
-1.675519999999997
-1.591743999999995
-1.675519999999997
-1.591743999999995
-1.591743999999995
-1.5079680000000077
-1.5079679999999929
-1.5079680000000077
-1.4241919999999908
-1.3404160000000036
-1.2566400000000015
-1.2566400000000015
-1.2566400000000015
-1.1728639999999995
-1.0890879999999974
-1.00531200000001
-1.0053119999999953
-0.921536000000008
-0.8377599999999911
-0.7539840000000039
-0.753983999999989
-0.6702080000000018
-0.5026559999999977
-0.41888000000001036
-0.33510399999999346
-0.33510399999999346
-0.16755199999998935
-0.08377600000000207
0.0
0.08377600000000207
0.16755199999998935
0.2513279999999914
0.33510399999999346
0.3351040000000083
0.41888000000001036
0.5026559999999977
0.5864319999999997
0.6702079999999869
0.6702080000000018
0.7539840000000039
0.8377600000000059
0.8377600000000059
0.9215359999999931
0.9215359999999931
1.0053119999999953
1.0890879999999974
1.089088000000012
1.1728639999999995
1.1728639999999995
1.2566399999999867
1.2566400000000015
1.3404160000000036
1.3404160000000036
1.4241920000000057
1.3404160000000036
1.4241920000000057
1.4241919999999908
1.5079679999999929
1.5079679999999929
1.5079680000000077
1.5917440000000098
1.5917440000000098
1.591743999999995
1.5079679999999929
1.5079679999999929
1.5079680000000077
1.5917440000000098
1.5917440000000098
1.591743999999995
1.5079679999999929
1.5079679999999929
1.5079679999999929
1.5079679999999929
1.5079680000000077
1.4241920000000057
1.4241920000000057
1.3404160000000036
1.3404160000000036
1.3404160000000036
1.2566399999999867
1.2566399999999867
1.1728639999999995
1.1728639999999995
1.1728639999999995
1.0890879999999974
1.089088000000012
0.921536000000008
0.921536000000008
0.8377599999999911
0.8377599999999911
0.7539840000000039
0.7539840000000039
0.7539840000000039
0.6702079999999869
0.5864319999999997
0.5026560000000124
0.41888000000000297
0.41887999999999553
0.33510399999999346
0.3351040000000009
0.2513280000000062
0.16755200000000414
0.16755199999999673
0.08377599999999467
0.08377599999999467
0.0
0.0
-0.08377599999999467
-0.08377599999999467
-0.16755199999999673
-0.08377600000000207
-0.16755200000000414
-0.16755200000000414
-0.25132799999999883
-0.16755199999999673
-0.16755199999999673
-0.16755199999999673
-0.16755199999999673
-0.16755200000001155
-0.08377600000001688
-0.16755200000000414
-0.08377599999998726
-0.16755199999998935
-0.08377600000000207
-0.08377600000000207
0.0
-0.08377600000000207
-0.08377600000000207
-0.08377600000000207
0.0
0.0
0.0
0.0
0.0
0.0
0.0
0.0
0.0
0.0
0.0
0.0
0.0
0.0
0.0
-0.08377599999998726
-0.08377599999998726
-0.08377599999998726
0.0
-0.08377600000001688
-0.08377600000001688
-0.16755200000000414
-0.08377599999998726
-0.16755200000000414
-0.16755200000000414
-0.2513280000000062
-0.2513279999999914
-0.2513279999999914
-0.2513280000000062
-0.2513279999999914
-0.3351040000000083
-0.33510399999999346
-0.41887999999999553
-0.41887999999999553
-0.41888000000001036
-0.41888000000001036
-0.5026560000000124
-0.5864319999999997
-0.5864319999999997
-0.5864319999999997
-0.5864319999999997
-0.6702080000000018
-0.6702079999999869
-0.753983999999989
-0.7539840000000039
-0.7539840000000039
-0.7539840000000039
-0.8377599999999911
-0.8377600000000059
-0.9215359999999931
-0.8377600000000059
-0.9215359999999931
-0.921536000000008
-0.9215359999999931
-0.921536000000008
-0.9215359999999931
-1.00531200000001
-1.0053119999999953
-1.00531200000001
-1.0053119999999953
-1.0053119999999953
-1.0053119999999953
-1.0053119999999953
-1.00531200000001
-1.0053119999999953
-1.00531200000001
-1.0053119999999953
-1.0053119999999953
-1.0053119999999953
-1.00531200000001
-0.921536000000008
-0.921536000000008
-0.8377599999999911
-0.921536000000008
-0.8377599999999911
-0.921536000000008
-0.8377599999999911
-0.8377600000000059
-0.753983999999989
-0.7539840000000039
-0.753983999999989
-0.6702080000000018
-0.6702080000000018
-0.5864319999999997
-0.5864319999999997
-0.5026559999999977
-0.5026560000000124
-0.5026559999999977
-0.5026559999999977
