function [Time, q1, dq1, q2, dq2, signal_Gain]= expData_3 ()
Time =0.0:0.0050:4.995;
dq1= [
-104.71999999999998
-104.71999999999998
-104.71999999999998
0.2513280000000062
0.5864319999999997
1.0053119999999953
1.3404159999999887
1.759295999999999
2.1781760000000094
2.513280000000003
2.8483839999999963
3.18348799999999
3.518591999999998
3.7699200000000044
4.021248000000011
4.272576000000002
4.523904000000008
4.691455999999998
4.859008000000002
4.942783999999989
5.110335999999993
5.194111999999995
5.277887999999997
5.361664000000014
5.445440000000001
5.529216000000003
5.529215999999988
5.529216000000003
5.529216000000003
5.529216000000003
5.445440000000001
5.445440000000001
5.445440000000001
5.529216000000003
5.445440000000001
5.445440000000001
5.361664
5.361664
5.277887999999997
5.277887999999997
5.277887999999997
5.277887999999997
5.194112000000003
5.110336
5.026560000000006
5.026559999999998
4.942784000000004
4.859008000000002
4.775231999999999
4.775231999999992
4.691455999999998
4.607679999999996
4.440128000000006
4.356352000000004
4.272576000000002
4.1888
4.105023999999998
3.9374720000000085
3.8536960000000064
3.7699200000000044
3.6023680000000002
3.518591999999998
3.351039999999994
3.267263999999992
3.0997120000000025
2.9321599999999983
2.7646080000000093
2.59705599999999
2.429504000000001
2.345727999999999
2.1781760000000094
2.0106240000000053
1.8430720000000012
1.675519999999997
1.591743999999995
1.4241919999999908
1.2566400000000015
1.0890879999999974
0.921536000000008
0.8377599999999911
0.6702080000000018
0.5864319999999997
0.41888000000001036
0.3351040000000083
0.16755200000000414
0.08377600000000207
0.0
-0.16755200000000414
-0.2513280000000062
-0.41888000000001036
-0.41888000000001036
-0.5026559999999977
-0.5864319999999997
-0.6702079999999869
-0.7539840000000039
-0.8377599999999911
-0.8377600000000059
-0.9215359999999931
-0.921536000000008
-1.0053119999999953
-1.00531200000001
-1.0053119999999953
-1.00531200000001
-1.0053119999999953
-1.00531200000001
-1.0053119999999953
-1.0890879999999974
-1.0890879999999974
-1.0890879999999974
-1.00531200000001
-1.0053119999999953
-0.921536000000008
-0.9215359999999931
-0.9215359999999931
-0.9215359999999931
-0.921536000000008
-0.8377600000000059
-0.8377600000000059
-0.753983999999989
-0.7539840000000039
-0.753983999999989
-0.7539840000000039
-0.6702080000000018
-0.6702080000000018
-0.5864319999999997
-0.6702080000000018
-0.5864319999999997
-0.5864319999999997
-0.5864319999999997
-0.5864319999999997
-0.6702080000000018
-0.5864319999999997
-0.6702080000000018
-0.5864319999999997
-0.6702080000000018
-0.6702080000000018
-0.7539840000000039
-0.753983999999989
-0.8377600000000059
-0.8377599999999911
-0.921536000000008
-1.0053119999999953
-1.0890879999999974
-1.1728639999999995
-1.1728639999999995
-1.3404160000000036
-1.4241919999999908
-1.5079680000000077
-1.5917440000000098
-1.6755200000000119
-1.8430720000000012
-1.8430720000000012
-2.0106239999999906
-2.0106239999999906
-2.261951999999997
-2.261951999999997
-2.429504000000001
-2.429504000000001
-2.597056000000005
-2.680832000000007
-2.8483839999999963
-2.9321599999999983
-3.0159360000000004
-3.0159360000000004
-3.0997120000000025
-3.267263999999992
-3.351040000000001
-3.4348160000000036
-3.4348160000000036
-3.6023680000000002
-3.686143999999995
-3.6861440000000023
-3.686143999999995
-3.7699200000000044
-3.8536959999999993
-3.8536960000000064
-3.769919999999997
-3.8536959999999993
-3.8536959999999993
-3.937472000000001
-3.8536959999999993
-3.937472000000001
-3.8536959999999993
-3.937472000000001
-3.8536959999999993
-3.8536960000000064
-3.769919999999997
-3.769919999999997
-3.769919999999997
-3.6861440000000023
-3.6861440000000023
-3.6023680000000002
-3.6023680000000002
-3.434815999999996
-3.351039999999994
-3.2672640000000066
-3.2672640000000066
-3.1834880000000045
-3.0997120000000025
-2.9321599999999983
-2.8483839999999963
-2.680831999999992
-2.597056000000005
-2.429504000000001
-2.345727999999999
-2.178175999999995
-2.0944000000000074
-1.8430720000000012
-1.759295999999999
-1.5079679999999929
-1.5079680000000077
-1.2566400000000015
-1.089088000000012
-0.8377599999999911
-0.7539840000000039
-0.5864319999999997
-0.41887999999999553
-0.16755199999998935
0.0
0.16755199999998935
0.33510399999999346
0.5026560000000124
0.6702080000000018
0.8377600000000059
1.0053119999999953
1.1728639999999995
1.3404160000000036
1.4241919999999908
1.5917440000000098
1.759295999999999
1.9268480000000032
2.0106239999999906
2.178175999999995
2.2619520000000115
2.429504000000001
2.513280000000003
2.680831999999992
2.7646080000000093
2.8483839999999963
2.9321599999999983
3.0159360000000004
3.0997120000000025
3.1834880000000045
3.267263999999992
3.267263999999992
3.351039999999994
3.3510400000000087
3.4348160000000036
3.3510400000000087
3.434815999999996
3.4348160000000036
3.518591999999998
3.434815999999996
3.434815999999996
3.434815999999996
3.4348160000000036
3.4348160000000036
3.4348160000000036
3.434815999999996
3.434815999999996
3.351040000000001
3.351040000000001
3.2672640000000066
3.2672639999999995
3.1834880000000045
3.183487999999997
3.0997120000000025
3.0997119999999954
3.0159360000000004
3.0159360000000004
2.9321599999999983
2.8483839999999963
2.764607999999994
2.680832000000007
2.597056000000005
2.5132799999999955
2.4295039999999934
2.429504000000001
2.2619520000000115
2.261951999999997
2.178175999999995
2.178175999999995
2.0106240000000053
1.9268480000000032
1.8430720000000012
1.8430720000000012
1.759295999999999
1.759295999999999
1.675519999999997
1.591743999999995
1.5079680000000077
1.5079680000000077
1.4241920000000057
1.4241919999999908
1.3404159999999887
1.3404160000000036
1.2566400000000015
1.2566400000000015
1.1728639999999995
1.1728639999999995
1.089088000000012
1.0890879999999974
1.0053119999999953
1.0053119999999953
1.0053119999999953
1.00531200000001
0.9215359999999931
0.921536000000008
0.8377599999999911
0.8377600000000059
0.7539840000000039
0.7539840000000039
0.7539840000000039
0.753983999999989
0.6702080000000018
0.6702080000000018
0.5864319999999997
0.5864319999999997
0.5026559999999977
0.5026559999999977
0.5026559999999977
0.41887999999999553
0.41888000000001036
0.3351040000000083
0.33510399999999346
0.2513279999999914
0.2513279999999914
0.2513280000000062
0.16755200000000414
0.08377600000000207
0.0
0.0
0.0
-0.08377600000000207
-0.16755200000000414
-0.2513280000000062
-0.2513279999999914
-0.2513279999999914
-0.33510399999999346
-0.41888000000001036
-0.5026559999999977
-0.5026559999999977
-0.5026559999999977
-0.5864319999999997
-0.6702080000000018
-0.7539840000000039
-0.7539840000000039
-0.8377600000000059
-0.9215359999999931
-1.0053119999999953
-1.0890879999999974
-1.0890879999999974
-1.1728640000000141
-1.2566400000000015
-1.3404160000000036
-1.4241919999999908
-1.4241919999999908
-1.591743999999995
-1.675519999999997
-1.759295999999999
-1.759295999999999
-1.8430720000000012
-1.9268480000000032
-2.0106240000000053
-2.0106240000000053
-2.0944000000000074
-2.178175999999995
-2.261951999999997
-2.345727999999999
-2.429504000000001
-2.513280000000003
-2.513280000000003
-2.597056000000005
-2.680832000000007
-2.764607999999994
-2.764607999999994
-2.764607999999994
-2.8483839999999963
-2.9321600000000054
-2.9321599999999983
-2.9321600000000054
-3.0159360000000004
-3.0997120000000025
-3.0997119999999954
-3.0997120000000025
-3.0997119999999954
-3.0997120000000025
-3.0997119999999954
-3.0997120000000025
-3.183487999999997
-3.0997120000000025
-3.183487999999997
-3.0997120000000025
-3.183487999999997
-3.0997120000000025
-3.0997120000000025
-3.0159360000000004
