function [Time, q1, dq1, q2, dq2, signal_Gain]= expData_1 ()
Time =0.0:0.0050:4.995;
dq1= [
-104.71999999999998
-104.71999999999998
-104.71999999999998
0.08377600000000207
0.33510399999999346
0.7539840000000039
1.2566400000000015
1.5917440000000098
1.9268480000000032
2.178175999999995
2.513280000000003
2.8483839999999963
3.0997120000000025
3.434815999999996
3.6023680000000002
3.853695999999992
4.0212479999999955
4.1888
4.356352000000004
4.440128000000006
4.607679999999996
4.691456000000012
4.775232
4.859008000000002
4.942783999999989
4.942783999999989
4.942784000000004
4.942784000000004
5.026560000000006
5.026560000000006
5.026559999999991
4.942784000000004
4.942783999999989
4.859008000000009
4.942783999999997
4.859008000000002
4.859008000000002
4.691456000000005
4.691455999999998
4.607679999999996
4.607679999999996
4.523904000000001
4.523904000000001
4.523904000000001
4.440128000000006
4.356352000000005
4.272576000000002
4.1888
4.105023999999998
4.0212480000000035
3.937472000000001
3.8536959999999993
3.7699200000000044
3.6861440000000023
3.5185920000000053
3.434815999999996
3.267263999999992
3.267263999999992
3.0159360000000004
3.0159360000000004
2.8483840000000114
2.764607999999994
2.597056000000005
2.429504000000001
2.345727999999999
2.178175999999995
2.0943999999999927
1.9268480000000032
1.759295999999999
1.591743999999995
1.5079680000000077
1.3404160000000036
1.2566400000000015
1.0053119999999953
0.9215359999999931
0.7539840000000039
0.5864319999999997
0.5026560000000124
0.2513280000000062
0.16755200000000414
0.0
0.0
-0.08377600000000207
-0.2513280000000062
-0.5026560000000124
-0.6702080000000018
-0.7539840000000039
-0.8377599999999911
-0.921536000000008
-1.0890879999999974
-1.0890879999999974
-1.2566399999999867
-1.2566400000000015
-1.4241920000000057
-1.4241920000000057
-1.5079679999999929
-1.5079679999999929
-1.5079680000000077
-1.5917440000000098
-1.5917440000000098
-1.675519999999997
-1.591743999999995
-1.675519999999997
-1.591743999999995
-1.591743999999995
-1.591743999999995
-1.591743999999995
-1.5917440000000098
-1.4241920000000057
-1.4241920000000057
-1.3404159999999887
-1.4241920000000057
-1.3404160000000036
-1.2566400000000015
-1.1728639999999995
-1.0890879999999974
-1.089088000000012
-1.0053119999999953
-0.921536000000008
-0.9215359999999931
-0.8377600000000059
-0.8377599999999911
-0.6702080000000018
-0.6702079999999869
-0.5864319999999997
-0.5864319999999997
-0.502656000000005
-0.502656000000005
-0.5026559999999977
-0.41888000000000297
-0.3351040000000009
-0.3351040000000009
-0.3351040000000009
-0.33510399999999346
-0.3351040000000009
-0.3351040000000009
-0.3351040000000009
-0.25132799999999883
-0.33510399999999346
-0.3351040000000009
-0.41888000000000297
-0.41888000000000297
-0.5026559999999977
-0.5026559999999977
-0.5864319999999997
-0.6702080000000018
-0.7539839999999964
-0.7539840000000039
-0.8377599999999985
-0.9215360000000006
-1.0053119999999953
-1.0890880000000047
-1.1728639999999995
-1.2566400000000015
-1.340415999999996
-1.4241920000000057
-1.5079680000000002
-1.5917440000000023
-1.675519999999997
-1.8430720000000012
-1.8430720000000012
-1.9268480000000032
-2.0106239999999977
-2.0944
-2.178175999999995
-2.261952000000004
-2.345727999999999
-2.429504000000001
-2.429504000000001
-2.513280000000003
-2.513280000000003
-2.5970559999999976
-2.5970559999999976
-2.680832
-2.680832
-2.7646080000000013
-2.7646080000000013
-2.7646080000000013
-2.7646080000000013
-2.7646080000000013
-2.7646080000000013
-2.8483839999999963
-2.8483839999999963
-2.8483839999999963
-2.764607999999994
-2.7646080000000013
-2.680831999999992
-2.680832000000007
-2.59705599999999
-2.597056000000005
-2.513280000000003
-2.513280000000003
-2.513280000000003
-2.429504000000001
-2.345727999999999
-2.1781760000000094
-2.178175999999995
-2.0944000000000074
-2.0943999999999927
-1.9268480000000032
-1.8430720000000012
-1.759295999999999
-1.675519999999997
-1.591743999999995
-1.5079679999999929
-1.4241920000000057
-1.3404160000000036
-1.1728639999999995
-1.0890879999999974
-1.00531200000001
-0.921536000000008
-0.8377599999999911
-0.6702079999999869
-0.5026559999999977
-0.41888000000001036
-0.2513280000000062
-0.2513280000000062
-0.08377600000000207
0.0
0.16755200000000414
0.3351040000000083
0.41888000000001036
0.5026559999999977
0.5864319999999997
0.6702079999999869
0.8377600000000059
0.9215359999999931
1.00531200000001
1.0890879999999974
1.1728639999999995
1.3404159999999887
1.4241920000000057
1.5079680000000077
1.5917440000000098
1.675519999999997
1.759295999999999
1.8430720000000012
1.9268479999999883
2.0106240000000053
2.0943999999999927
2.1781760000000094
2.261951999999997
2.345727999999999
2.429504000000001
2.513279999999988
2.513280000000003
2.513280000000003
2.597056000000005
2.597056000000005
2.680832000000007
2.680831999999992
2.764607999999994
2.680831999999992
2.680832000000007
2.680832
2.764607999999994
2.7646080000000013
2.7646080000000013
2.7646080000000013
2.7646080000000013
2.7646080000000013
2.7646080000000013
2.7646080000000013
2.680832
2.680832
2.680832
2.7646080000000013
2.680832
2.680832
2.5970559999999976
2.5970559999999976
2.5970559999999976
2.597056000000005
2.597056000000005
2.429504000000001
2.4295039999999934
2.429504000000001
2.429504000000001
2.345728000000006
2.261951999999997
2.261952000000004
2.178175999999995
2.0944
2.0106239999999977
2.0106240000000053
2.0106240000000053
1.9268480000000032
1.8430720000000012
1.759295999999999
1.675519999999997
1.675519999999997
1.591743999999995
1.591743999999995
1.5079679999999929
1.4241920000000057
1.3404160000000036
1.2566400000000015
1.2566400000000015
1.2566400000000015
1.1728639999999995
1.1728639999999995
1.0890879999999974
1.00531200000001
0.9215359999999931
0.921536000000008
0.9215359999999931
0.8377600000000059
0.753983999999989
0.6702080000000018
0.6702080000000018
0.5864319999999997
0.5864319999999997
0.5026559999999977
0.41888000000001036
0.41887999999999553
0.33510399999999346
0.33510399999999346
0.16755200000000414
0.16755200000000414
0.08377600000000207
0.08377600000000207
0.0
-0.08377600000000207
-0.08377600000000207
-0.16755200000000414
-0.16755200000000414
-0.33510399999999346
-0.33510399999999346
-0.41887999999999553
-0.41888000000001036
-0.5026559999999977
-0.5026559999999977
-0.5864319999999997
-0.5864319999999997
-0.6702080000000018
-0.753983999999989
-0.8377600000000059
-0.9215359999999931
-0.921536000000008
-1.0053119999999953
-1.00531200000001
-1.0890879999999974
-1.1728639999999995
-1.2566400000000015
-1.2566400000000015
-1.3404160000000036
-1.4241919999999908
-1.5079679999999929
-1.5079680000000077
-1.5917440000000098
-1.6755200000000119
-1.759295999999999
-1.8430720000000012
-1.8430720000000012
-2.0106239999999977
-2.0106239999999906
-2.0943999999999927
-2.0944
-2.178176000000002
-2.345727999999999
-2.345727999999999
-2.429504000000001
-2.345728000000006
-2.429504000000001
-2.513280000000003
-2.5970559999999976
-2.5970559999999976
-2.5970559999999976
-2.5970559999999976
-2.680832
-2.680832
-2.7646080000000013
-2.7646080000000013
-2.7646080000000013
-2.7646080000000013
-2.7646080000000013
-2.7646080000000013
-2.7646080000000013
-2.8483839999999963
-2.8483839999999963
-2.8483839999999963
-2.7646080000000013
-2.7646080000000013
-2.7646080000000013
-2.7646080000000013
-2.680832
-2.680832
-2.680831999999992
-2.680832
-2.597056000000005
-2.513280000000003
-2.429504000000001
-2.429503999999986
-2.345727999999999
-2.261951999999997
-2.1781760000000094
-2.0944000000000074
-2.0944000000000074
-1.9268480000000032
-1.8430720000000012
-1.675519999999997
-1.675519999999997
